[array([[[0.99215686, 1.        , 1.        ],
        [0.99215686, 1.        , 1.        ],
        [1.        , 1.        , 1.        ],
        ...,
        [1.        , 1.        , 1.        ],
        [1.        , 1.        , 1.        ],
        [1.        , 1.        , 1.        ]],

       [[0.99215686, 1.        , 1.        ],
        [0.99215686, 1.        , 1.        ],
        [1.        , 1.        , 1.        ],
        ...,
        [1.        , 1.        , 1.        ],
        [1.        , 1.        , 1.        ],
        [1.        , 1.        , 1.        ]],

       [[0.9882353 , 1.        , 1.        ],
        [0.9882353 , 1.        , 1.        ],
        [1.        , 1.        , 1.        ],
        ...,
        [1.        , 1.        , 1.        ],
        [1.        , 1.        , 1.        ],
        [1.        , 1.        , 1.        ]],

       ...,

       [[0.40392157, 0.2901961 , 0.26666668],
        [0.40392157, 0.2901961 , 0.26666668],
        [0.40392157, 0.2901961 , 0.26666668],
        ...,
        [0.8784314 , 0.83137256, 0.8509804 ],
        [0.8784314 , 0.83137256, 0.8509804 ],
        [0.8784314 , 0.83137256, 0.8509804 ]],

       [[0.40392157, 0.2901961 , 0.26666668],
        [0.40392157, 0.2901961 , 0.26666668],
        [0.40392157, 0.2901961 , 0.26666668],
        ...,
        [0.8784314 , 0.83137256, 0.8509804 ],
        [0.8784314 , 0.83137256, 0.8509804 ],
        [0.8784314 , 0.83137256, 0.8509804 ]],

       [[0.40392157, 0.2901961 , 0.26666668],
        [0.40392157, 0.2901961 , 0.26666668],
        [0.40392157, 0.2901961 , 0.26666668],
        ...,
        [0.8784314 , 0.83137256, 0.8509804 ],
        [0.8784314 , 0.83137256, 0.8509804 ],
        [0.8784314 , 0.83137256, 0.8509804 ]]], dtype=float32), array([[[0.93333334, 1.        , 1.        ],
        [0.93333334, 1.        , 1.        ],
        [0.95686275, 1.        , 1.        ],
        ...,
        [1.        , 1.        , 1.        ],
        [1.        , 1.        , 1.        ],
        [1.        , 1.        , 1.        ]],

       [[0.93333334, 1.        , 1.        ],
        [0.93333334, 1.        , 1.        ],
        [0.95686275, 1.        , 1.        ],
        ...,
        [1.        , 1.        , 1.        ],
        [1.        , 1.        , 1.        ],
        [1.        , 1.        , 1.        ]],

       [[0.93333334, 1.        , 1.        ],
        [0.93333334, 1.        , 1.        ],
        [0.95686275, 1.        , 1.        ],
        ...,
        [1.        , 1.        , 1.        ],
        [1.        , 1.        , 1.        ],
        [1.        , 1.        , 1.        ]],

       ...,

       [[0.40392157, 0.2901961 , 0.26666668],
        [0.40392157, 0.2901961 , 0.26666668],
        [0.40392157, 0.2901961 , 0.26666668],
        ...,
        [0.8784314 , 0.83137256, 0.8509804 ],
        [0.8784314 , 0.83137256, 0.8509804 ],
        [0.8784314 , 0.83137256, 0.8509804 ]],

       [[0.40392157, 0.2901961 , 0.26666668],
        [0.40392157, 0.2901961 , 0.26666668],
        [0.40392157, 0.2901961 , 0.26666668],
        ...,
        [0.8784314 , 0.83137256, 0.8509804 ],
        [0.8784314 , 0.83137256, 0.8509804 ],
        [0.8784314 , 0.83137256, 0.8509804 ]],

       [[0.40392157, 0.2901961 , 0.26666668],
        [0.40392157, 0.2901961 , 0.26666668],
        [0.40392157, 0.2901961 , 0.26666668],
        ...,
        [0.8784314 , 0.83137256, 0.8509804 ],
        [0.8784314 , 0.83137256, 0.8509804 ],
        [0.8784314 , 0.83137256, 0.8509804 ]]], dtype=float32), array([[[0.9411765 , 1.        , 1.        ],
        [0.94509804, 1.        , 1.        ],
        [0.972549  , 1.        , 1.        ],
        ...,
        [1.        , 1.        , 1.        ],
        [1.        , 1.        , 1.        ],
        [1.        , 1.        , 1.        ]],

       [[0.9411765 , 1.        , 1.        ],
        [0.94509804, 1.        , 1.        ],
        [0.972549  , 1.        , 1.        ],
        ...,
        [1.        , 1.        , 1.        ],
        [1.        , 1.        , 1.        ],
        [1.        , 1.        , 1.        ]],

       [[0.9411765 , 1.        , 1.        ],
        [0.94509804, 1.        , 1.        ],
        [0.972549  , 1.        , 1.        ],
        ...,
        [1.        , 1.        , 1.        ],
        [1.        , 1.        , 1.        ],
        [1.        , 1.        , 1.        ]],

       ...,

       [[0.40392157, 0.2901961 , 0.26666668],
        [0.40392157, 0.2901961 , 0.26666668],
        [0.40392157, 0.2901961 , 0.26666668],
        ...,
        [0.89411765, 0.81960785, 0.8352941 ],
        [0.89411765, 0.81960785, 0.8352941 ],
        [0.89411765, 0.81960785, 0.8352941 ]],

       [[0.40392157, 0.2901961 , 0.26666668],
        [0.40392157, 0.2901961 , 0.26666668],
        [0.40392157, 0.2901961 , 0.26666668],
        ...,
        [0.8862745 , 0.83137256, 0.8509804 ],
        [0.8862745 , 0.83137256, 0.8509804 ],
        [0.8862745 , 0.83137256, 0.8509804 ]],

       [[0.40392157, 0.2901961 , 0.26666668],
        [0.40392157, 0.2901961 , 0.26666668],
        [0.40392157, 0.2901961 , 0.26666668],
        ...,
        [0.8862745 , 0.83137256, 0.8509804 ],
        [0.8862745 , 0.83137256, 0.8509804 ],
        [0.8862745 , 0.83137256, 0.8509804 ]]], dtype=float32), array([[[0.9490196 , 1.        , 1.        ],
        [0.9529412 , 1.        , 1.        ],
        [0.9882353 , 1.        , 1.        ],
        ...,
        [1.        , 1.        , 1.        ],
        [1.        , 1.        , 1.        ],
        [1.        , 1.        , 1.        ]],

       [[0.9490196 , 1.        , 1.        ],
        [0.9529412 , 1.        , 1.        ],
        [0.9882353 , 1.        , 1.        ],
        ...,
        [1.        , 1.        , 1.        ],
        [1.        , 1.        , 1.        ],
        [1.        , 1.        , 1.        ]],

       [[0.9490196 , 1.        , 1.        ],
        [0.9529412 , 1.        , 1.        ],
        [0.98039216, 1.        , 1.        ],
        ...,
        [1.        , 1.        , 1.        ],
        [1.        , 1.        , 1.        ],
        [1.        , 1.        , 1.        ]],

       ...,

       [[0.40392157, 0.2901961 , 0.26666668],
        [0.40392157, 0.2901961 , 0.26666668],
        [0.40392157, 0.2901961 , 0.26666668],
        ...,
        [0.89411765, 0.81960785, 0.827451  ],
        [0.89411765, 0.81960785, 0.827451  ],
        [0.89411765, 0.81960785, 0.827451  ]],

       [[0.40392157, 0.2901961 , 0.26666668],
        [0.40392157, 0.2901961 , 0.26666668],
        [0.40392157, 0.2901961 , 0.26666668],
        ...,
        [0.88235295, 0.827451  , 0.84705883],
        [0.88235295, 0.827451  , 0.84705883],
        [0.88235295, 0.827451  , 0.84705883]],

       [[0.40392157, 0.2901961 , 0.26666668],
        [0.40392157, 0.2901961 , 0.26666668],
        [0.40392157, 0.2901961 , 0.26666668],
        ...,
        [0.8862745 , 0.83137256, 0.8509804 ],
        [0.8862745 , 0.83137256, 0.8509804 ],
        [0.8862745 , 0.83137256, 0.8509804 ]]], dtype=float32), array([[[0.9411765 , 1.        , 1.        ],
        [0.94509804, 1.        , 1.        ],
        [0.972549  , 1.        , 1.        ],
        ...,
        [1.        , 1.        , 1.        ],
        [1.        , 1.        , 1.        ],
        [1.        , 1.        , 1.        ]],

       [[0.9411765 , 1.        , 1.        ],
        [0.94509804, 1.        , 1.        ],
        [0.972549  , 1.        , 1.        ],
        ...,
        [1.        , 1.        , 1.        ],
        [1.        , 1.        , 1.        ],
        [1.        , 1.        , 1.        ]],

       [[0.9411765 , 1.        , 1.        ],
        [0.94509804, 1.        , 1.        ],
        [0.972549  , 1.        , 1.        ],
        ...,
        [1.        , 1.        , 1.        ],
        [1.        , 1.        , 1.        ],
        [1.        , 1.        , 1.        ]],

       ...,

       [[0.40392157, 0.2901961 , 0.26666668],
        [0.40392157, 0.2901961 , 0.26666668],
        [0.40392157, 0.2901961 , 0.26666668],
        ...,
        [0.8901961 , 0.8235294 , 0.84705883],
        [0.8901961 , 0.8235294 , 0.84705883],
        [0.8901961 , 0.8235294 , 0.84705883]],

       [[0.40392157, 0.2901961 , 0.26666668],
        [0.40392157, 0.2901961 , 0.26666668],
        [0.40392157, 0.2901961 , 0.26666668],
        ...,
        [0.8862745 , 0.83137256, 0.8509804 ],
        [0.8862745 , 0.83137256, 0.8509804 ],
        [0.8862745 , 0.83137256, 0.8509804 ]],

       [[0.40392157, 0.2901961 , 0.26666668],
        [0.40392157, 0.2901961 , 0.26666668],
        [0.40392157, 0.2901961 , 0.26666668],
        ...,
        [0.8862745 , 0.83137256, 0.8509804 ],
        [0.8862745 , 0.83137256, 0.8509804 ],
        [0.8862745 , 0.83137256, 0.8509804 ]]], dtype=float32), array([[[0.93333334, 1.        , 1.        ],
        [0.93333334, 1.        , 1.        ],
        [0.95686275, 1.        , 1.        ],
        ...,
        [1.        , 1.        , 1.        ],
        [1.        , 1.        , 1.        ],
        [1.        , 1.        , 1.        ]],

       [[0.93333334, 1.        , 1.        ],
        [0.93333334, 1.        , 1.        ],
        [0.95686275, 1.        , 1.        ],
        ...,
        [1.        , 1.        , 1.        ],
        [1.        , 1.        , 1.        ],
        [1.        , 1.        , 1.        ]],

       [[0.93333334, 1.        , 1.        ],
        [0.93333334, 1.        , 1.        ],
        [0.95686275, 1.        , 1.        ],
        ...,
        [1.        , 1.        , 1.        ],
        [1.        , 1.        , 1.        ],
        [1.        , 1.        , 1.        ]],

       ...,

       [[0.40392157, 0.2901961 , 0.26666668],
        [0.40392157, 0.2901961 , 0.26666668],
        [0.40392157, 0.2901961 , 0.26666668],
        ...,
        [0.88235295, 0.827451  , 0.8352941 ],
        [0.88235295, 0.827451  , 0.8352941 ],
        [0.88235295, 0.827451  , 0.8352941 ]],

       [[0.40392157, 0.2901961 , 0.26666668],
        [0.40392157, 0.2901961 , 0.26666668],
        [0.40392157, 0.2901961 , 0.26666668],
        ...,
        [0.8784314 , 0.83137256, 0.8509804 ],
        [0.8784314 , 0.83137256, 0.8509804 ],
        [0.8784314 , 0.83137256, 0.8509804 ]],

       [[0.40392157, 0.2901961 , 0.26666668],
        [0.40392157, 0.2901961 , 0.26666668],
        [0.40392157, 0.2901961 , 0.26666668],
        ...,
        [0.8784314 , 0.83137256, 0.8509804 ],
        [0.8784314 , 0.83137256, 0.8509804 ],
        [0.8784314 , 0.83137256, 0.8509804 ]]], dtype=float32), array([[[0.9411765 , 1.        , 1.        ],
        [0.94509804, 1.        , 1.        ],
        [0.972549  , 1.        , 1.        ],
        ...,
        [1.        , 1.        , 1.        ],
        [1.        , 1.        , 1.        ],
        [1.        , 1.        , 1.        ]],

       [[0.9411765 , 1.        , 1.        ],
        [0.94509804, 1.        , 1.        ],
        [0.972549  , 1.        , 1.        ],
        ...,
        [1.        , 1.        , 1.        ],
        [1.        , 1.        , 1.        ],
        [1.        , 1.        , 1.        ]],

       [[0.9411765 , 1.        , 1.        ],
        [0.94509804, 1.        , 1.        ],
        [0.972549  , 1.        , 1.        ],
        ...,
        [1.        , 1.        , 1.        ],
        [1.        , 1.        , 1.        ],
        [1.        , 1.        , 1.        ]],

       ...,

       [[0.40392157, 0.2901961 , 0.26666668],
        [0.40392157, 0.2901961 , 0.26666668],
        [0.40392157, 0.2901961 , 0.26666668],
        ...,
        [0.8901961 , 0.8235294 , 0.84705883],
        [0.8901961 , 0.8235294 , 0.84705883],
        [0.8901961 , 0.8235294 , 0.84705883]],

       [[0.40392157, 0.2901961 , 0.26666668],
        [0.40392157, 0.2901961 , 0.26666668],
        [0.40392157, 0.2901961 , 0.26666668],
        ...,
        [0.8862745 , 0.83137256, 0.8509804 ],
        [0.8862745 , 0.83137256, 0.8509804 ],
        [0.8862745 , 0.83137256, 0.8509804 ]],

       [[0.40392157, 0.2901961 , 0.26666668],
        [0.40392157, 0.2901961 , 0.26666668],
        [0.40392157, 0.2901961 , 0.26666668],
        ...,
        [0.8862745 , 0.83137256, 0.8509804 ],
        [0.8862745 , 0.83137256, 0.8509804 ],
        [0.8862745 , 0.83137256, 0.8509804 ]]], dtype=float32), array([[[0.9490196 , 1.        , 1.        ],
        [0.9529412 , 1.        , 1.        ],
        [0.9882353 , 1.        , 1.        ],
        ...,
        [1.        , 1.        , 1.        ],
        [1.        , 1.        , 1.        ],
        [1.        , 1.        , 1.        ]],

       [[0.9490196 , 1.        , 1.        ],
        [0.9529412 , 1.        , 1.        ],
        [0.9882353 , 1.        , 1.        ],
        ...,
        [1.        , 1.        , 1.        ],
        [1.        , 1.        , 1.        ],
        [1.        , 1.        , 1.        ]],

       [[0.9490196 , 1.        , 1.        ],
        [0.9529412 , 1.        , 1.        ],
        [0.98039216, 1.        , 1.        ],
        ...,
        [1.        , 1.        , 1.        ],
        [1.        , 1.        , 1.        ],
        [1.        , 1.        , 1.        ]],

       ...,

       [[0.40392157, 0.2901961 , 0.26666668],
        [0.40392157, 0.2901961 , 0.26666668],
        [0.40392157, 0.2901961 , 0.26666668],
        ...,
        [0.89411765, 0.81960785, 0.827451  ],
        [0.89411765, 0.81960785, 0.827451  ],
        [0.89411765, 0.81960785, 0.827451  ]],

       [[0.40392157, 0.2901961 , 0.26666668],
        [0.40392157, 0.2901961 , 0.26666668],
        [0.40392157, 0.2901961 , 0.26666668],
        ...,
        [0.88235295, 0.827451  , 0.84705883],
        [0.88235295, 0.827451  , 0.84705883],
        [0.88235295, 0.827451  , 0.84705883]],

       [[0.40392157, 0.2901961 , 0.26666668],
        [0.40392157, 0.2901961 , 0.26666668],
        [0.40392157, 0.2901961 , 0.26666668],
        ...,
        [0.8862745 , 0.83137256, 0.8509804 ],
        [0.8862745 , 0.83137256, 0.8509804 ],
        [0.8862745 , 0.83137256, 0.8509804 ]]], dtype=float32), array([[[0.9411765 , 1.        , 1.        ],
        [0.94509804, 1.        , 1.        ],
        [0.972549  , 1.        , 1.        ],
        ...,
        [1.        , 1.        , 1.        ],
        [1.        , 1.        , 1.        ],
        [1.        , 1.        , 1.        ]],

       [[0.9411765 , 1.        , 1.        ],
        [0.94509804, 1.        , 1.        ],
        [0.972549  , 1.        , 1.        ],
        ...,
        [1.        , 1.        , 1.        ],
        [1.        , 1.        , 1.        ],
        [1.        , 1.        , 1.        ]],

       [[0.9411765 , 1.        , 1.        ],
        [0.94509804, 1.        , 1.        ],
        [0.972549  , 1.        , 1.        ],
        ...,
        [1.        , 1.        , 1.        ],
        [1.        , 1.        , 1.        ],
        [1.        , 1.        , 1.        ]],

       ...,

       [[0.40392157, 0.2901961 , 0.26666668],
        [0.40392157, 0.2901961 , 0.26666668],
        [0.40392157, 0.2901961 , 0.26666668],
        ...,
        [0.89411765, 0.81960785, 0.8352941 ],
        [0.89411765, 0.81960785, 0.8352941 ],
        [0.89411765, 0.81960785, 0.8352941 ]],

       [[0.40392157, 0.2901961 , 0.26666668],
        [0.40392157, 0.2901961 , 0.26666668],
        [0.40392157, 0.2901961 , 0.26666668],
        ...,
        [0.8862745 , 0.83137256, 0.8509804 ],
        [0.8862745 , 0.83137256, 0.8509804 ],
        [0.8862745 , 0.83137256, 0.8509804 ]],

       [[0.40392157, 0.2901961 , 0.26666668],
        [0.40392157, 0.2901961 , 0.26666668],
        [0.40392157, 0.2901961 , 0.26666668],
        ...,
        [0.8862745 , 0.83137256, 0.8509804 ],
        [0.8862745 , 0.83137256, 0.8509804 ],
        [0.8862745 , 0.83137256, 0.8509804 ]]], dtype=float32), array([[[0.93333334, 1.        , 1.        ],
        [0.93333334, 1.        , 1.        ],
        [0.95686275, 1.        , 1.        ],
        ...,
        [1.        , 1.        , 1.        ],
        [1.        , 1.        , 1.        ],
        [1.        , 1.        , 1.        ]],

       [[0.93333334, 1.        , 1.        ],
        [0.93333334, 1.        , 1.        ],
        [0.95686275, 1.        , 1.        ],
        ...,
        [1.        , 1.        , 1.        ],
        [1.        , 1.        , 1.        ],
        [1.        , 1.        , 1.        ]],

       [[0.93333334, 1.        , 1.        ],
        [0.93333334, 1.        , 1.        ],
        [0.95686275, 1.        , 1.        ],
        ...,
        [1.        , 1.        , 1.        ],
        [1.        , 1.        , 1.        ],
        [1.        , 1.        , 1.        ]],

       ...,

       [[0.40392157, 0.2901961 , 0.26666668],
        [0.40392157, 0.2901961 , 0.26666668],
        [0.40392157, 0.2901961 , 0.26666668],
        ...,
        [0.8784314 , 0.83137256, 0.8509804 ],
        [0.8784314 , 0.83137256, 0.8509804 ],
        [0.8784314 , 0.83137256, 0.8509804 ]],

       [[0.40392157, 0.2901961 , 0.26666668],
        [0.40392157, 0.2901961 , 0.26666668],
        [0.40392157, 0.2901961 , 0.26666668],
        ...,
        [0.8784314 , 0.83137256, 0.8509804 ],
        [0.8784314 , 0.83137256, 0.8509804 ],
        [0.8784314 , 0.83137256, 0.8509804 ]],

       [[0.40392157, 0.2901961 , 0.26666668],
        [0.40392157, 0.2901961 , 0.26666668],
        [0.40392157, 0.2901961 , 0.26666668],
        ...,
        [0.8784314 , 0.83137256, 0.8509804 ],
        [0.8784314 , 0.83137256, 0.8509804 ],
        [0.8784314 , 0.83137256, 0.8509804 ]]], dtype=float32), array([[[0.99215686, 1.        , 1.        ],
        [0.99215686, 1.        , 1.        ],
        [1.        , 1.        , 1.        ],
        ...,
        [1.        , 1.        , 1.        ],
        [1.        , 1.        , 1.        ],
        [1.        , 1.        , 1.        ]],

       [[0.99215686, 1.        , 1.        ],
        [0.99215686, 1.        , 1.        ],
        [1.        , 1.        , 1.        ],
        ...,
        [1.        , 1.        , 1.        ],
        [1.        , 1.        , 1.        ],
        [1.        , 1.        , 1.        ]],

       [[0.9882353 , 1.        , 1.        ],
        [0.9882353 , 1.        , 1.        ],
        [1.        , 1.        , 1.        ],
        ...,
        [1.        , 1.        , 1.        ],
        [1.        , 1.        , 1.        ],
        [1.        , 1.        , 1.        ]],

       ...,

       [[0.40392157, 0.2901961 , 0.26666668],
        [0.40392157, 0.2901961 , 0.26666668],
        [0.40392157, 0.2901961 , 0.26666668],
        ...,
        [0.8784314 , 0.83137256, 0.8509804 ],
        [0.8784314 , 0.83137256, 0.8509804 ],
        [0.8784314 , 0.83137256, 0.8509804 ]],

       [[0.40392157, 0.2901961 , 0.26666668],
        [0.40392157, 0.2901961 , 0.26666668],
        [0.40392157, 0.2901961 , 0.26666668],
        ...,
        [0.8784314 , 0.83137256, 0.8509804 ],
        [0.8784314 , 0.83137256, 0.8509804 ],
        [0.8784314 , 0.83137256, 0.8509804 ]],

       [[0.40392157, 0.2901961 , 0.26666668],
        [0.40392157, 0.2901961 , 0.26666668],
        [0.40392157, 0.2901961 , 0.26666668],
        ...,
        [0.8784314 , 0.83137256, 0.8509804 ],
        [0.8784314 , 0.83137256, 0.8509804 ],
        [0.8784314 , 0.83137256, 0.8509804 ]]], dtype=float32), array([[[1.        , 1.        , 1.        ],
        [1.        , 1.        , 1.        ],
        [1.        , 1.        , 1.        ],
        ...,
        [1.        , 1.        , 1.        ],
        [1.        , 1.        , 1.        ],
        [1.        , 1.        , 1.        ]],

       [[1.        , 1.        , 1.        ],
        [1.        , 1.        , 1.        ],
        [1.        , 1.        , 1.        ],
        ...,
        [1.        , 1.        , 1.        ],
        [1.        , 1.        , 1.        ],
        [1.        , 1.        , 1.        ]],

       [[1.        , 1.        , 1.        ],
        [1.        , 1.        , 1.        ],
        [1.        , 1.        , 1.        ],
        ...,
        [1.        , 1.        , 1.        ],
        [1.        , 1.        , 1.        ],
        [1.        , 1.        , 1.        ]],

       ...,

       [[0.40392157, 0.2901961 , 0.26666668],
        [0.40392157, 0.2901961 , 0.26666668],
        [0.40392157, 0.2901961 , 0.26666668],
        ...,
        [0.8784314 , 0.83137256, 0.8509804 ],
        [0.8784314 , 0.83137256, 0.8509804 ],
        [0.8784314 , 0.83137256, 0.8509804 ]],

       [[0.40392157, 0.2901961 , 0.26666668],
        [0.40392157, 0.2901961 , 0.26666668],
        [0.40392157, 0.2901961 , 0.26666668],
        ...,
        [0.8784314 , 0.83137256, 0.8509804 ],
        [0.8784314 , 0.83137256, 0.8509804 ],
        [0.8784314 , 0.83137256, 0.8509804 ]],

       [[0.40392157, 0.2901961 , 0.26666668],
        [0.40392157, 0.2901961 , 0.26666668],
        [0.40392157, 0.2901961 , 0.26666668],
        ...,
        [0.8784314 , 0.83137256, 0.8509804 ],
        [0.8784314 , 0.83137256, 0.8509804 ],
        [0.8784314 , 0.83137256, 0.8509804 ]]], dtype=float32), array([[[1.        , 1.        , 1.        ],
        [1.        , 1.        , 1.        ],
        [1.        , 1.        , 1.        ],
        ...,
        [1.        , 1.        , 1.        ],
        [1.        , 1.        , 1.        ],
        [1.        , 1.        , 1.        ]],

       [[1.        , 1.        , 1.        ],
        [1.        , 1.        , 1.        ],
        [1.        , 1.        , 1.        ],
        ...,
        [1.        , 1.        , 1.        ],
        [1.        , 1.        , 1.        ],
        [1.        , 1.        , 1.        ]],

       [[1.        , 1.        , 1.        ],
        [1.        , 1.        , 1.        ],
        [1.        , 1.        , 1.        ],
        ...,
        [1.        , 1.        , 1.        ],
        [1.        , 1.        , 1.        ],
        [1.        , 1.        , 1.        ]],

       ...,

       [[0.40392157, 0.2901961 , 0.26666668],
        [0.40392157, 0.2901961 , 0.26666668],
        [0.40392157, 0.2901961 , 0.26666668],
        ...,
        [0.8784314 , 0.83137256, 0.8509804 ],
        [0.8784314 , 0.83137256, 0.8392157 ],
        [0.8784314 , 0.83137256, 0.8392157 ]],

       [[0.40392157, 0.2901961 , 0.26666668],
        [0.40392157, 0.2901961 , 0.26666668],
        [0.40392157, 0.2901961 , 0.26666668],
        ...,
        [0.8784314 , 0.83137256, 0.8509804 ],
        [0.8784314 , 0.83137256, 0.8392157 ],
        [0.8784314 , 0.83137256, 0.8392157 ]],

       [[0.40392157, 0.2901961 , 0.26666668],
        [0.40392157, 0.2901961 , 0.26666668],
        [0.40392157, 0.2901961 , 0.26666668],
        ...,
        [0.8784314 , 0.83137256, 0.8509804 ],
        [0.8784314 , 0.83137256, 0.8392157 ],
        [0.8784314 , 0.83137256, 0.8392157 ]]], dtype=float32), array([[[1.        , 1.        , 1.        ],
        [1.        , 1.        , 1.        ],
        [1.        , 1.        , 1.        ],
        ...,
        [1.        , 1.        , 1.        ],
        [1.        , 1.        , 1.        ],
        [1.        , 1.        , 1.        ]],

       [[1.        , 1.        , 1.        ],
        [1.        , 1.        , 1.        ],
        [1.        , 1.        , 1.        ],
        ...,
        [1.        , 1.        , 1.        ],
        [1.        , 1.        , 1.        ],
        [1.        , 1.        , 1.        ]],

       [[1.        , 1.        , 1.        ],
        [1.        , 1.        , 1.        ],
        [1.        , 1.        , 1.        ],
        ...,
        [0.9843137 , 1.        , 1.        ],
        [0.9843137 , 1.        , 1.        ],
        [0.9843137 , 1.        , 1.        ]],

       ...,

       [[0.40392157, 0.2901961 , 0.26666668],
        [0.40392157, 0.2901961 , 0.26666668],
        [0.40392157, 0.2901961 , 0.26666668],
        ...,
        [0.8745098 , 0.8352941 , 0.8392157 ],
        [0.8784314 , 0.83137256, 0.83137256],
        [0.8784314 , 0.83137256, 0.83137256]],

       [[0.40392157, 0.2901961 , 0.26666668],
        [0.40392157, 0.2901961 , 0.26666668],
        [0.40392157, 0.2901961 , 0.26666668],
        ...,
        [0.8745098 , 0.8352941 , 0.8392157 ],
        [0.8784314 , 0.83137256, 0.83137256],
        [0.8784314 , 0.83137256, 0.83137256]],

       [[0.40392157, 0.2901961 , 0.26666668],
        [0.40392157, 0.2901961 , 0.26666668],
        [0.40392157, 0.2901961 , 0.26666668],
        ...,
        [0.8745098 , 0.8352941 , 0.8392157 ],
        [0.8784314 , 0.83137256, 0.83137256],
        [0.8784314 , 0.83137256, 0.83137256]]], dtype=float32), array([[[1.        , 1.        , 1.        ],
        [1.        , 1.        , 1.        ],
        [1.        , 1.        , 1.        ],
        ...,
        [1.        , 1.        , 1.        ],
        [1.        , 1.        , 1.        ],
        [1.        , 1.        , 1.        ]],

       [[1.        , 1.        , 1.        ],
        [1.        , 1.        , 1.        ],
        [1.        , 1.        , 1.        ],
        ...,
        [1.        , 1.        , 1.        ],
        [1.        , 1.        , 1.        ],
        [1.        , 1.        , 1.        ]],

       [[1.        , 1.        , 1.        ],
        [1.        , 1.        , 1.        ],
        [1.        , 1.        , 1.        ],
        ...,
        [0.98039216, 1.        , 1.        ],
        [0.98039216, 1.        , 1.        ],
        [0.98039216, 1.        , 1.        ]],

       ...,

       [[0.40392157, 0.2901961 , 0.26666668],
        [0.40392157, 0.2901961 , 0.26666668],
        [0.40392157, 0.2901961 , 0.26666668],
        ...,
        [0.8745098 , 0.8352941 , 0.8392157 ],
        [0.8784314 , 0.83137256, 0.8392157 ],
        [0.8784314 , 0.83137256, 0.8392157 ]],

       [[0.40392157, 0.2901961 , 0.26666668],
        [0.40392157, 0.2901961 , 0.26666668],
        [0.40392157, 0.2901961 , 0.26666668],
        ...,
        [0.8745098 , 0.8352941 , 0.8392157 ],
        [0.8784314 , 0.83137256, 0.8392157 ],
        [0.8784314 , 0.83137256, 0.8392157 ]],

       [[0.40392157, 0.2901961 , 0.26666668],
        [0.40392157, 0.2901961 , 0.26666668],
        [0.40392157, 0.2901961 , 0.26666668],
        ...,
        [0.8745098 , 0.8352941 , 0.8392157 ],
        [0.8784314 , 0.83137256, 0.8392157 ],
        [0.8784314 , 0.83137256, 0.8392157 ]]], dtype=float32), array([[[1.        , 1.        , 1.        ],
        [1.        , 1.        , 1.        ],
        [1.        , 1.        , 1.        ],
        ...,
        [1.        , 1.        , 1.        ],
        [1.        , 1.        , 1.        ],
        [1.        , 1.        , 1.        ]],

       [[1.        , 1.        , 1.        ],
        [1.        , 1.        , 1.        ],
        [1.        , 1.        , 1.        ],
        ...,
        [1.        , 1.        , 1.        ],
        [1.        , 1.        , 1.        ],
        [1.        , 1.        , 1.        ]],

       [[1.        , 1.        , 1.        ],
        [1.        , 1.        , 1.        ],
        [1.        , 1.        , 1.        ],
        ...,
        [0.9647059 , 1.        , 1.        ],
        [0.9647059 , 1.        , 1.        ],
        [0.9647059 , 1.        , 1.        ]],

       ...,

       [[0.4       , 0.28627452, 0.2627451 ],
        [0.4       , 0.28627452, 0.2627451 ],
        [0.4       , 0.28627452, 0.2627451 ],
        ...,
        [0.8627451 , 0.8235294 , 0.827451  ],
        [0.87058824, 0.83137256, 0.8352941 ],
        [0.87058824, 0.83137256, 0.8352941 ]],

       [[0.4       , 0.28627452, 0.2627451 ],
        [0.4       , 0.28627452, 0.2627451 ],
        [0.4       , 0.28627452, 0.2627451 ],
        ...,
        [0.8627451 , 0.8235294 , 0.827451  ],
        [0.87058824, 0.83137256, 0.8352941 ],
        [0.87058824, 0.83137256, 0.8352941 ]],

       [[0.4       , 0.28627452, 0.2627451 ],
        [0.4       , 0.28627452, 0.2627451 ],
        [0.4       , 0.28627452, 0.2627451 ],
        ...,
        [0.8627451 , 0.8235294 , 0.827451  ],
        [0.87058824, 0.83137256, 0.8352941 ],
        [0.87058824, 0.83137256, 0.8352941 ]]], dtype=float32)]
input shape: [1, 240, 320, 3]
output shape: [1, 960, 1280, 3]
Finish building the network
Loading weights from ckpt model
Frame evaluation starts!!
Warming up 5
Warming up 4
Warming up 3
Warming up 2
Warming up 1
saving image output_000001
saving image output_000002
saving image output_000003
saving image output_000004
saving image output_000005
saving image output_000006
saving image output_000007
saving image output_000008
saving image output_000009
saving image output_000010
saving image output_000011
total time 67.3637523651123, frame number 16
